7
goraczka 0.35 
4
kaszel katar bol_glowy dreszcze
0.05 0.2 0.2 0.5 0.2 0.5 0.5 0.75 0.2 0.5 0.5 0.75 0.5 0.75 0.75 0.9
kaszel 0.3
0
0.25
katar 0.15
0
0.20
dreszcze 0.25
1
zmeczenie
0.1 0.5
zmeczenie 0.2
0
0.3
bol_miesni 0.3
2
goraczka dreszcze
0.05 0.5 0.4 0.8
bol_glowy 0.1
0
0.15
2
kaszel katar
0.01 0.000
0.02 0.000
0.03 0.001
0.01 0.000
0.02 0.000
0.03 0.001
0.04 0.002
0.01 0.001
0.03 0.002
0.04 0.002
0.05 0.003
0.03 0.002
0.05 0.004
0.06 0.004
0.08 0.005
0.01 0.000
0.03 0.001
0.03 0.001
0.04 0.002
0.02 0.001
0.04 0.002
0.05 0.002
0.07 0.004
0.03 0.002
0.05 0.004
0.06 0.004
0.08 0.005
0.05 0.004
0.07 0.005
0.08 0.005
0.1 0.008
0.01 0.001
0.03 0.002
0.03 0.002
0.05 0.003
0.02 0.002
0.05 0.003
0.06 0.004
0.08 0.005
0.03 0.003
0.06 0.005
0.07 0.005
0.09 0.006
0.06 0.005
0.08 0.006
0.09 0.007
0.11 0.009
0.03 0.002
0.05 0.003
0.05 0.003
0.07 0.004
0.04 0.003
0.06 0.004
0.07 0.005
0.09 0.007
0.06 0.004
0.08 0.006
0.09 0.006
0.11 0.008
0.09 0.007
0.11 0.008
0.12 0.009
0.14 0.011
0.01 0.000
0.03 0.001
0.03 0.001
0.04 0.002
0.02 0.001
0.04 0.002
0.05 0.002
0.07 0.004
0.03 0.002
0.05 0.004
0.06 0.004
0.08 0.005
0.05 0.004
0.07 0.005
0.08 0.005
0.1 0.008
0.03 0.002
0.05 0.003
0.05 0.003
0.07 0.004
0.04 0.003
0.06 0.004
0.07 0.005
0.09 0.007
0.06 0.004
0.08 0.006
0.09 0.006
0.11 0.008
0.09 0.007
0.11 0.008
0.12 0.009
0.14 0.011
0.03 0.003
0.05 0.004
0.05 0.004
0.07 0.005
0.04 0.004
0.06 0.005
0.07 0.006
0.09 0.008
0.06 0.005
0.08 0.007
0.09 0.007
0.11 0.009
0.09 0.008
0.11 0.009
0.12 0.010
0.15 0.013
0.01 0.000
0.03 0.001
0.03 0.001
0.04 0.002
0.02 0.001
0.04 0.002
0.05 0.002
0.07 0.004
0.03 0.002
0.05 0.004
0.06 0.004
0.08 0.005
0.05 0.004
0.07 0.005
0.08 0.005
0.1 0.008
0.03 0.002
0.05 0.003
0.05 0.003
0.07 0.004
0.04 0.003
0.06 0.004
0.07 0.005
0.09 0.007
0.06 0.004
0.08 0.006
0.09 0.006
0.11 0.008
0.09 0.007
0.11 0.008
0.12 0.009
0.14 0.011
0.03 0.003
0.05 0.004
0.05 0.004
0.07 0.005
0.04 0.004
0.06 0.005
0.07 0.006
0.09 0.008
0.06 0.005
0.08 0.007
0.09 0.007
0.11 0.009
0.09 0.008
0.11 0.009
0.12 0.010
0.15 0.013
0.03 0.003
0.05 0.005
0.05 0.005
0.07 0.006
0.04 0.005
0.06 0.006
0.07 0.007
0.09 0.009
0.06 0.006
0.08 0.008
0.09 0.008
0.11 0.010
0.09 0.009
0.11 0.010
0.13 0.012
0.16 0.015
